,label,hop_count,uses_url_shortener,num_script_tags,has_password_field,num_external_links,dom_depth,final_url_tld_freq
0,benign,1,0,15,0,62,13,9
1,benign,0,0,50,0,0,7,26
2,benign,1,0,16,0,14,20,715
3,phishing,0,0,-1,-1,-1,-1,3
6,phishing,0,0,20,0,409,23,3
7,benign,0,0,21,0,25,27,715
8,benign,1,0,-1,-1,-1,-1,26
10,phishing,1,0,8,0,14,12,715
12,phishing,0,0,-1,-1,-1,-1,30
13,phishing,1,0,20,0,1,8,37
17,benign,2,0,9,0,31,18,715
18,benign,1,0,23,0,22,18,715
21,benign,1,0,26,0,11,20,715
22,phishing,0,0,52,1,1,11,715
23,benign,1,0,5,0,0,4,715
27,phishing,0,0,8,0,2,10,4
29,phishing,0,0,16,0,0,4,17
31,phishing,0,0,-1,-1,-1,-1,17
32,benign,1,0,20,0,16,16,715
33,benign,2,0,5,0,15,14,55
34,benign,1,0,12,0,36,20,715
35,phishing,0,0,3,0,0,3,715
39,benign,0,0,1,0,2,6,3
40,phishing,0,0,1,0,0,4,715
42,benign,1,0,121,0,0,17,715
43,phishing,0,0,-1,-1,-1,-1,22
46,phishing,2,0,6,0,3,11,715
47,benign,0,0,39,1,15,18,715
49,phishing,0,0,-1,-1,-1,-1,715
51,phishing,0,0,3,0,0,10,2
52,phishing,2,0,6,0,3,11,715
54,phishing,1,0,9,0,0,13,2
56,benign,5,0,2,0,0,13,715
58,phishing,0,0,-1,-1,-1,-1,715
59,benign,1,0,154,0,34,25,715
60,benign,0,0,43,0,15,19,715
61,benign,1,0,10,0,17,14,715
62,benign,0,0,9,0,0,3,715
65,benign,2,0,-1,-1,-1,-1,715
66,phishing,0,0,1,0,0,3,55
68,benign,1,0,114,0,13,22,715
69,benign,1,0,11,0,30,16,715
73,benign,1,0,31,0,6,18,715
76,benign,1,0,-1,-1,-1,-1,715
78,benign,0,0,34,0,19,23,715
79,phishing,0,0,8,0,17,18,715
81,benign,1,0,32,0,43,28,715
83,phishing,0,0,-1,-1,-1,-1,17
84,benign,0,0,1,0,0,4,1
85,benign,0,0,2,0,17,8,715
86,benign,0,0,-1,-1,-1,-1,715
90,phishing,0,0,33,0,28,12,6
91,phishing,0,0,14,0,0,5,1
92,benign,1,0,29,0,24,22,715
93,benign,1,0,9,0,43,22,19
94,benign,1,0,4,0,9,24,715
96,benign,1,0,23,0,23,24,715
97,phishing,0,0,5,0,14,20,715
98,phishing,0,0,0,0,7,7,17
99,phishing,1,0,10,0,7,18,715
101,benign,1,0,12,0,44,17,19
104,phishing,0,0,0,0,0,5,3
105,benign,0,0,1,0,3,11,715
106,phishing,0,0,15,0,15,17,715
107,benign,1,0,16,0,8,26,715
108,phishing,0,0,34,0,16,28,715
109,phishing,1,0,-1,-1,-1,-1,715
110,benign,1,0,6,0,20,16,715
111,benign,0,0,-1,-1,-1,-1,715
112,benign,1,0,64,0,17,14,55
113,benign,0,0,-1,-1,-1,-1,715
114,benign,1,0,4,0,0,7,715
116,benign,1,0,3,0,14,11,715
117,phishing,1,0,-1,-1,-1,-1,37
118,phishing,0,0,10,0,7,18,715
119,benign,1,0,39,0,18,20,2
120,benign,1,0,28,0,857,29,19
121,benign,2,0,48,0,6,12,2
123,phishing,2,0,2,1,0,9,55
124,phishing,0,0,-1,-1,-1,-1,2
125,phishing,0,0,-1,-1,-1,-1,6
127,phishing,0,0,-1,-1,-1,-1,715
128,benign,1,0,-1,-1,-1,-1,715
129,phishing,0,0,0,0,0,5,715
130,benign,0,0,-1,-1,-1,-1,715
131,benign,0,0,16,0,143,24,1
132,benign,2,0,4,0,0,5,715
133,benign,0,0,0,0,1,5,715
134,phishing,2,0,6,0,3,11,715
135,phishing,0,0,1,0,0,1,37
136,benign,1,0,15,1,5,15,715
138,benign,0,0,16,0,0,4,17
139,benign,0,0,28,0,0,4,715
140,phishing,0,0,10,0,7,18,715
141,benign,0,0,15,0,0,8,4
142,phishing,0,0,7,0,0,19,715
143,phishing,0,0,1,0,0,8,715
145,benign,1,0,38,0,0,18,3
148,benign,1,0,54,0,99,31,14
151,phishing,2,0,67,0,0,43,715
153,phishing,0,0,2,0,0,3,715
157,phishing,0,0,269,0,330,22,22
161,benign,1,0,12,0,7,27,715
162,phishing,0,0,7,0,0,3,715
163,benign,1,0,23,0,160,23,14
164,benign,3,0,12,0,49,22,715
165,benign,2,0,10,0,31,18,715
166,benign,0,0,-1,-1,-1,-1,715
171,phishing,0,0,3,0,0,6,715
172,benign,0,0,0,0,0,1,715
173,benign,2,0,28,0,90,27,715
174,phishing,0,0,6,0,2,25,715
175,benign,1,0,55,0,52,15,715
176,phishing,0,0,2,0,0,3,715
178,phishing,2,0,6,0,3,11,715
179,phishing,0,0,3,0,9,10,55
182,benign,1,0,10,0,24,11,715
183,phishing,0,0,1,0,0,5,6
186,benign,1,0,7,0,3,17,2
188,phishing,1,0,-1,-1,-1,-1,3
189,benign,1,0,35,0,9,24,55
190,phishing,0,0,-1,-1,-1,-1,1
191,phishing,1,0,79,0,2,24,3
192,phishing,0,0,-1,-1,-1,-1,715
193,phishing,0,0,0,0,0,3,715
194,benign,1,0,32,0,19,16,715
195,benign,1,0,2,0,16,17,1
196,benign,0,0,1,0,0,1,715
197,benign,3,0,65,0,9,21,715
198,phishing,0,0,0,0,2,9,715
199,benign,1,0,46,0,0,31,715
201,phishing,0,0,-1,-1,-1,-1,715
202,benign,1,0,28,0,15,16,715
203,benign,1,0,67,0,0,3,715
206,phishing,0,0,-1,-1,-1,-1,37
208,phishing,1,0,1,0,0,4,715
209,phishing,0,0,3,0,0,9,715
210,benign,2,0,12,0,18,17,3
214,benign,1,0,10,0,30,16,715
215,phishing,0,0,14,0,0,11,14
216,phishing,0,0,-1,-1,-1,-1,22
217,phishing,1,0,32,0,2,24,715
218,benign,0,0,-1,-1,-1,-1,715
219,benign,1,0,0,0,7,12,55
222,benign,1,0,13,0,0,4,715
223,benign,1,0,14,0,79,23,19
224,benign,2,0,24,0,34,17,715
225,phishing,0,0,42,0,12,14,37
226,benign,0,0,-1,-1,-1,-1,715
227,benign,0,0,1,0,5,12,715
229,phishing,0,0,-1,-1,-1,-1,715
232,benign,1,0,-1,-1,-1,-1,19
236,benign,3,0,4,0,31,14,715
237,phishing,0,0,-1,-1,-1,-1,37
238,benign,1,0,-1,-1,-1,-1,715
239,phishing,1,0,10,1,3,16,37
241,benign,2,0,41,0,6,22,715
242,phishing,0,0,6,0,1,5,3
243,phishing,0,0,19,0,1,16,14
245,phishing,0,0,-1,-1,-1,-1,715
246,benign,0,0,-1,-1,-1,-1,715
247,benign,0,0,11,0,0,10,715
249,phishing,0,0,-1,-1,-1,-1,715
250,phishing,0,0,-1,-1,-1,-1,6
251,benign,1,0,25,0,97,51,55
252,benign,1,0,80,0,0,5,715
253,phishing,0,0,7,0,0,4,715
255,benign,1,0,7,0,24,17,715
257,benign,1,0,22,0,38,20,12
260,benign,1,0,21,0,110,14,715
262,benign,1,0,38,0,155,16,19
263,phishing,0,0,3,0,2,10,2
264,benign,0,0,6,0,9,13,715
266,benign,1,0,17,0,4,23,715
267,phishing,1,0,4,0,0,10,715
268,benign,1,0,76,0,17,22,715
273,phishing,0,0,-1,-1,-1,-1,17
275,benign,1,0,3,0,0,3,715
277,phishing,2,0,121,0,0,17,715
278,phishing,1,0,54,0,2,17,2
280,phishing,0,0,-1,-1,-1,-1,55
283,benign,1,0,0,0,0,8,1
284,phishing,1,0,9,0,0,10,715
285,phishing,1,0,6,0,1,24,715
287,benign,1,0,41,0,23,17,715
291,benign,1,0,98,0,84,25,715
292,benign,0,0,-1,-1,-1,-1,715
293,benign,1,0,32,0,47,14,715
294,benign,1,0,-1,-1,-1,-1,715
296,benign,0,0,24,0,83,11,55
297,phishing,0,0,-1,-1,-1,-1,715
298,benign,0,0,-1,-1,-1,-1,2
299,benign,1,0,64,0,0,8,1
300,benign,0,0,39,1,20,30,1
302,phishing,1,0,20,0,1,8,37
303,benign,1,0,18,0,155,24,9
305,benign,0,0,14,0,6,14,715
308,benign,1,0,1,0,0,1,26
309,benign,1,0,19,0,6,15,715
311,phishing,0,0,3,1,0,6,37
312,benign,1,0,45,0,24,29,26
313,benign,1,0,22,0,73,16,715
314,phishing,0,0,23,0,1,13,715
315,phishing,0,0,34,0,6,19,715
317,phishing,1,0,3,0,1,9,2
319,phishing,0,0,-1,-1,-1,-1,715
320,phishing,0,0,8,0,2,13,6
321,phishing,2,0,6,0,3,11,715
322,phishing,0,0,-1,-1,-1,-1,37
325,benign,1,0,16,0,27,17,26
326,benign,1,0,32,0,93,19,715
328,benign,2,0,17,0,9,13,715
330,benign,1,0,-1,-1,-1,-1,715
331,phishing,0,0,0,0,0,5,715
333,benign,0,0,50,0,0,7,715
335,phishing,0,0,12,0,0,11,4
336,phishing,0,0,-1,-1,-1,-1,30
337,benign,2,0,38,0,47,33,715
340,phishing,0,0,1,0,11,5,715
341,benign,1,0,21,0,19,25,715
342,benign,0,0,1,0,0,1,715
343,phishing,1,0,0,0,1,7,17
344,benign,1,0,41,0,23,17,715
346,benign,1,0,41,0,1,10,715
347,benign,1,0,-1,-1,-1,-1,715
349,benign,1,0,89,0,15,35,715
350,phishing,0,0,-1,-1,-1,-1,17
351,phishing,0,0,-1,-1,-1,-1,715
352,phishing,0,0,0,0,0,4,715
354,phishing,0,0,4,0,1,7,22
355,benign,0,0,-1,-1,-1,-1,715
356,benign,1,0,6,0,7,13,55
359,benign,1,0,56,0,17,14,715
360,benign,0,0,13,0,39,14,715
362,benign,1,0,16,0,42,22,715
365,benign,1,0,64,0,12,33,715
367,phishing,0,0,2,0,0,8,2
368,benign,9,0,-1,-1,-1,-1,1
372,benign,1,0,17,0,123,22,715
374,benign,1,0,19,0,24,16,715
378,benign,1,0,6,0,8,11,3
382,phishing,1,0,0,0,0,7,2
383,benign,1,0,-1,-1,-1,-1,19
385,benign,0,0,1,0,3,8,715
386,benign,3,0,74,0,458,25,715
389,phishing,0,0,0,0,0,1,715
391,benign,1,0,16,0,11,32,1
393,phishing,2,0,6,0,3,11,715
395,phishing,1,0,6,0,3,11,715
397,phishing,0,0,8,0,0,8,715
398,phishing,0,0,1,0,1,7,3
399,benign,1,0,20,0,45,22,55
400,benign,1,0,28,0,35,13,715
401,benign,1,0,1,0,2,5,26
403,benign,1,0,6,0,36,21,715
404,benign,0,0,-1,-1,-1,-1,715
405,phishing,0,0,-1,-1,-1,-1,715
407,benign,0,0,3,0,13,9,55
408,phishing,0,0,-1,-1,-1,-1,12
410,phishing,0,0,9,0,0,10,715
411,phishing,0,0,-1,-1,-1,-1,1
414,phishing,0,0,-1,-1,-1,-1,37
415,phishing,0,0,-1,-1,-1,-1,17
417,benign,1,0,13,0,4,18,715
418,benign,1,0,12,0,33,14,715
420,benign,9,0,17,0,39,18,715
421,phishing,0,0,1,0,2,11,37
423,benign,1,0,9,0,45,11,55
424,benign,2,0,5,0,19,14,715
425,benign,1,0,-1,-1,-1,-1,4
427,benign,0,0,12,0,16,12,715
429,phishing,0,0,21,0,1,16,715
431,benign,0,0,28,0,24,18,715
432,benign,1,0,29,0,24,22,715
433,benign,0,0,-1,-1,-1,-1,55
434,phishing,0,0,4,0,1,7,22
435,benign,1,0,29,0,28,21,1
436,benign,1,0,-1,-1,-1,-1,30
437,phishing,0,0,-1,-1,-1,-1,715
438,benign,1,0,12,0,19,14,715
440,phishing,0,0,-1,-1,-1,-1,55
441,phishing,0,0,6,0,0,5,715
442,phishing,0,0,8,0,1,12,4
444,benign,1,0,5,0,8,10,55
446,benign,1,0,6,0,3,11,715
447,benign,0,0,59,0,22,14,17
448,phishing,0,0,-1,-1,-1,-1,715
449,benign,2,0,32,0,18,22,715
451,phishing,0,0,0,0,0,0,1
452,phishing,0,0,8,0,1,14,2
453,phishing,0,0,-1,-1,-1,-1,1
454,phishing,0,0,0,0,0,1,715
455,phishing,0,0,-1,-1,-1,-1,715
456,benign,1,0,42,0,1,10,715
457,phishing,0,0,-1,-1,-1,-1,12
458,benign,2,0,23,0,19,17,6
461,phishing,1,0,4,0,1,10,7
463,benign,2,0,3,0,0,13,715
465,benign,1,0,20,0,216,17,5
467,benign,0,0,29,0,24,22,715
469,phishing,0,0,-1,-1,-1,-1,22
473,benign,1,0,35,0,14,17,715
474,benign,2,0,4,0,3,10,715
475,phishing,0,0,-1,-1,-1,-1,715
476,benign,0,0,-1,-1,-1,-1,715
477,benign,0,0,-1,-1,-1,-1,2
480,benign,1,0,2,0,23,9,55
481,benign,1,0,39,0,10,23,715
482,phishing,0,0,-1,-1,-1,-1,30
483,phishing,0,0,-1,-1,-1,-1,715
484,benign,0,0,5,0,9,14,37
485,benign,1,0,4,0,28,9,715
488,phishing,1,0,23,0,1,13,715
489,benign,1,0,-1,-1,-1,-1,715
490,benign,0,0,4,0,54,18,715
491,phishing,1,0,33,0,20,34,715
492,phishing,0,0,4,0,1,10,7
494,benign,0,0,87,0,51,17,26
495,phishing,0,0,12,0,2,15,715
498,benign,1,0,-1,-1,-1,-1,26
500,benign,2,0,7,0,46,13,37
501,benign,1,0,22,0,23,24,715
502,phishing,1,0,0,0,1,7,17
505,phishing,0,0,0,0,0,6,715
506,phishing,0,0,-1,-1,-1,-1,17
508,benign,1,0,16,0,18,19,715
509,phishing,0,0,1,0,0,5,715
510,phishing,0,0,8,0,0,3,2
513,benign,1,0,39,0,271,28,17
515,phishing,2,0,9,0,3,12,715
519,benign,1,0,61,0,114,19,9
520,benign,1,0,18,0,38,23,715
521,phishing,2,0,6,0,3,11,715
522,phishing,0,0,-1,-1,-1,-1,715
523,phishing,1,0,3,0,2,10,2
525,benign,1,0,18,0,102,16,715
526,benign,1,0,-1,-1,-1,-1,715
529,benign,1,0,-1,-1,-1,-1,715
530,benign,1,0,-1,-1,-1,-1,715
531,benign,0,1,6,0,0,14,715
532,phishing,0,0,3,0,83,20,2
533,phishing,0,0,3,0,0,11,37
534,benign,1,0,15,0,12,16,37
537,benign,0,0,6,0,31,18,715
538,phishing,2,0,6,0,3,11,715
539,phishing,0,0,3,0,1,9,2
540,benign,1,0,-1,-1,-1,-1,715
543,benign,1,0,37,0,5,16,715
544,benign,1,0,59,0,39,29,12
549,phishing,0,0,0,0,0,6,30
551,phishing,0,0,47,0,3,11,7
553,benign,0,0,34,0,34,17,715
556,benign,9,0,44,0,68,23,5
558,benign,1,0,5,0,19,12,11
561,phishing,1,0,-1,-1,-1,-1,715
564,benign,2,0,21,0,10,31,715
565,phishing,0,0,10,0,0,5,715
568,phishing,0,0,-1,-1,-1,-1,30
570,phishing,1,0,6,0,0,8,715
574,phishing,0,0,-1,-1,-1,-1,715
576,phishing,0,0,-1,-1,-1,-1,22
577,benign,0,0,-1,-1,-1,-1,715
578,benign,1,0,57,0,32,22,715
579,phishing,0,0,3,1,2,22,715
580,benign,1,0,30,0,58,27,715
581,phishing,0,0,22,0,14,12,17
584,phishing,1,0,14,1,0,12,715
586,phishing,0,0,11,0,1,16,715
587,benign,0,0,1,0,0,6,715
589,benign,1,0,8,0,2,14,2
592,benign,1,0,55,0,15,22,715
594,phishing,1,0,3,0,0,45,715
596,phishing,2,0,6,0,3,11,715
597,benign,0,0,-1,-1,-1,-1,715
598,phishing,0,0,3,0,0,10,22
599,benign,0,0,1,0,4,13,715
602,phishing,0,0,10,1,3,16,37
606,benign,2,0,6,0,7,13,715
610,phishing,2,0,7,1,0,15,3
611,benign,1,0,3,0,0,13,2
614,phishing,1,0,5,0,1,12,715
615,benign,1,0,-1,-1,-1,-1,715
616,benign,1,0,-1,-1,-1,-1,55
617,benign,1,0,18,0,185,23,715
618,benign,1,0,8,0,15,22,715
620,phishing,1,0,-1,-1,-1,-1,715
624,benign,0,0,5,0,0,3,715
625,benign,2,0,36,0,25,24,26
627,phishing,0,0,0,0,0,3,14
629,phishing,0,0,-1,-1,-1,-1,715
633,benign,0,0,-1,-1,-1,-1,55
635,benign,0,0,1,0,0,1,26
636,phishing,0,0,-1,-1,-1,-1,3
637,benign,1,0,19,0,3,18,37
638,phishing,0,0,2,0,0,3,715
639,benign,1,0,50,0,0,8,19
640,benign,1,0,66,0,27,25,715
641,phishing,0,0,1,0,0,5,30
642,benign,1,0,-1,-1,-1,-1,17
643,benign,0,0,-1,-1,-1,-1,715
644,phishing,0,0,3,0,0,8,3
645,phishing,0,0,3,0,0,3,715
646,benign,1,0,3,0,0,13,715
647,benign,0,0,0,0,0,0,715
648,phishing,0,0,-1,-1,-1,-1,715
649,phishing,0,0,52,1,1,11,715
650,phishing,0,0,-1,-1,-1,-1,1
654,phishing,0,0,-1,-1,-1,-1,22
655,phishing,0,0,5,0,1,12,715
657,phishing,0,0,1,0,1,34,17
658,benign,1,0,17,0,1,15,37
659,benign,1,0,63,0,42,24,2
660,benign,0,0,20,0,49,23,715
663,benign,0,0,18,0,16,18,715
665,benign,1,0,13,0,0,14,715
666,benign,0,0,-1,-1,-1,-1,37
667,phishing,0,0,12,0,24,16,3
669,phishing,0,0,48,0,0,19,715
671,benign,0,0,93,0,16,26,715
673,benign,0,0,1,0,0,4,1
675,benign,1,0,-1,-1,-1,-1,715
676,benign,1,0,23,0,2,22,715
677,benign,0,0,0,0,5,6,715
678,phishing,1,0,1,0,0,3,2
680,benign,1,0,7,0,16,15,715
681,benign,0,0,-1,-1,-1,-1,715
682,phishing,1,0,3,0,0,32,2
683,benign,1,0,16,0,51,24,715
684,phishing,2,0,6,0,3,11,715
686,phishing,0,0,-1,-1,-1,-1,1
687,benign,1,0,4,0,2,7,715
688,phishing,0,0,-1,-1,-1,-1,22
689,benign,1,0,18,0,10,16,715
690,phishing,0,0,-1,-1,-1,-1,715
691,benign,0,0,19,0,110,15,715
695,phishing,1,0,8,0,19,16,55
696,benign,0,0,3,0,7,11,1
698,benign,1,0,34,0,9,17,11
699,phishing,0,0,10,0,7,18,715
701,benign,1,0,61,0,54,38,715
702,benign,1,0,17,0,24,30,715
703,benign,1,0,50,0,0,7,715
704,benign,0,0,18,0,19,13,55
705,benign,1,0,17,0,9,17,715
706,phishing,1,0,-1,-1,-1,-1,715
707,phishing,1,0,0,0,0,7,2
708,benign,1,0,40,0,12,19,1
709,phishing,0,0,13,0,0,11,715
710,benign,2,0,14,0,74,22,715
712,benign,1,0,21,0,44,17,715
713,benign,0,0,11,0,25,14,715
715,benign,1,0,63,0,13,18,715
719,benign,1,0,10,0,0,12,1
720,phishing,0,0,38,0,3,17,5
723,benign,1,0,8,0,84,11,37
726,benign,0,0,15,0,15,17,715
729,phishing,0,0,-1,-1,-1,-1,5
730,benign,0,0,4,0,27,14,55
731,benign,0,0,-1,-1,-1,-1,30
732,benign,1,0,42,0,32,30,715
734,benign,2,0,19,0,29,25,715
735,benign,0,0,-1,-1,-1,-1,715
736,benign,0,0,8,0,61,31,715
737,phishing,0,0,-1,-1,-1,-1,715
739,benign,1,0,3,0,0,4,715
740,benign,1,0,15,0,87,12,9
741,phishing,0,0,-1,-1,-1,-1,715
745,benign,1,0,66,0,37,34,715
746,benign,1,0,-1,-1,-1,-1,715
747,benign,0,0,7,0,24,10,55
748,phishing,0,0,-1,-1,-1,-1,30
749,benign,0,0,13,0,165,17,11
750,benign,0,0,6,0,3,10,1
751,benign,1,0,27,0,30,15,11
752,benign,1,0,125,0,22,21,715
753,benign,1,0,106,0,11,30,2
754,benign,1,0,67,0,1,6,715
756,phishing,0,0,5,0,0,4,37
757,phishing,0,0,-1,-1,-1,-1,715
758,phishing,0,0,64,0,36,27,715
762,benign,0,0,9,0,24,15,37
764,phishing,0,0,1,0,0,19,2
765,benign,4,0,23,1,2,25,715
766,benign,0,0,10,0,6,11,715
769,benign,0,0,48,0,15,18,37
770,benign,1,0,4,0,33,23,715
771,phishing,0,0,-1,-1,-1,-1,715
772,phishing,0,0,-1,-1,-1,-1,37
773,phishing,1,0,8,0,1,12,4
775,phishing,1,0,1,0,0,10,715
778,benign,0,0,21,0,16,32,715
783,benign,2,0,33,0,27,33,715
784,phishing,1,0,-1,-1,-1,-1,37
785,benign,1,0,1,0,11,10,37
788,benign,0,0,6,1,46,28,26
789,benign,1,0,-1,-1,-1,-1,26
790,benign,2,0,29,0,7,20,715
793,phishing,0,0,2,1,0,9,55
795,phishing,0,0,1,0,0,3,4
796,phishing,0,0,0,0,0,1,715
797,benign,1,0,4,0,30,17,715
799,phishing,0,0,1,0,0,3,37
801,phishing,0,0,-1,-1,-1,-1,17
803,phishing,0,0,-1,-1,-1,-1,30
804,benign,1,0,9,0,8,12,14
807,benign,0,0,-1,-1,-1,-1,715
809,phishing,0,0,-1,-1,-1,-1,715
812,benign,1,0,5,0,21,15,55
816,phishing,1,0,-1,-1,-1,-1,715
819,benign,1,0,12,0,54,19,2
823,phishing,0,0,-1,-1,-1,-1,30
824,phishing,0,0,-1,-1,-1,-1,22
826,phishing,1,0,17,0,13,20,37
830,benign,1,0,6,0,8,11,12
831,phishing,0,0,13,0,6,23,715
832,benign,1,0,2,0,0,3,26
834,benign,1,0,26,0,7,19,715
838,benign,1,0,30,0,5,12,715
842,benign,1,0,31,0,46,22,11
843,phishing,2,0,24,0,3,18,26
845,benign,0,0,7,0,13,12,1
847,benign,1,0,-1,-1,-1,-1,55
848,benign,1,0,27,0,12,12,715
849,phishing,3,0,8,0,17,18,715
850,phishing,0,0,7,0,0,14,55
851,benign,0,0,44,0,10,17,1
854,phishing,1,0,2,0,0,8,2
855,benign,2,0,27,0,27,42,715
856,benign,0,0,-1,-1,-1,-1,715
857,phishing,1,0,81,0,8,20,30
858,phishing,0,0,-1,-1,-1,-1,1
859,benign,0,0,74,0,9,20,715
860,phishing,0,0,-1,-1,-1,-1,715
861,benign,1,0,33,0,107,46,19
862,benign,1,0,-1,-1,-1,-1,715
864,benign,0,0,14,0,12,16,715
865,phishing,0,0,-1,-1,-1,-1,30
866,phishing,0,0,-1,-1,-1,-1,715
867,benign,1,0,105,0,27,17,715
868,benign,1,0,12,0,26,15,715
869,phishing,0,0,-1,-1,-1,-1,6
870,benign,1,0,18,0,178,23,1
871,benign,1,0,58,0,26,22,12
875,benign,0,0,33,0,24,14,55
878,benign,1,0,-1,-1,-1,-1,715
880,benign,1,0,51,0,6,12,2
882,phishing,0,0,1,0,0,10,715
884,benign,1,0,13,0,80,14,715
885,benign,1,0,0,0,10,13,715
886,benign,1,0,14,0,53,26,715
887,benign,0,0,-1,-1,-1,-1,715
889,phishing,0,0,14,0,1,11,715
890,phishing,0,0,-1,-1,-1,-1,715
892,phishing,0,0,-1,-1,-1,-1,715
893,phishing,0,0,1,0,0,3,2
894,benign,1,0,4,0,24,13,715
895,phishing,1,0,1,0,2,11,37
896,phishing,1,0,0,0,0,6,4
898,benign,1,0,-1,-1,-1,-1,715
900,phishing,1,0,6,0,0,14,715
901,phishing,0,0,-1,-1,-1,-1,30
902,benign,1,0,7,0,0,4,37
903,benign,2,0,15,0,8,24,715
904,benign,0,0,-1,-1,-1,-1,715
906,benign,1,0,41,0,8,38,715
907,phishing,0,0,-1,-1,-1,-1,37
908,benign,0,0,3,0,3,8,1
909,benign,1,0,20,0,16,15,715
910,phishing,1,0,4,0,6,21,715
911,benign,0,0,4,0,25,14,715
913,benign,2,0,30,0,32,13,17
914,benign,1,0,14,0,0,17,715
916,phishing,1,0,0,0,0,4,715
917,benign,0,0,37,0,40,22,715
918,phishing,1,0,13,0,0,11,715
919,benign,0,0,10,0,18,13,715
921,phishing,0,0,-1,-1,-1,-1,30
922,phishing,0,0,-1,-1,-1,-1,22
923,phishing,0,0,3,0,0,8,4
924,benign,1,0,-1,-1,-1,-1,715
925,benign,2,0,24,0,25,20,715
926,benign,1,0,22,0,13,23,715
928,phishing,2,0,6,0,3,11,715
929,phishing,0,0,0,0,0,6,4
930,phishing,1,0,-1,-1,-1,-1,22
931,phishing,0,0,8,0,0,13,17
933,benign,1,0,17,0,20,21,715
934,benign,0,0,4,0,15,12,715
935,phishing,0,0,10,1,3,16,37
936,benign,5,0,14,0,37,17,715
937,benign,1,0,-1,-1,-1,-1,715
938,benign,1,0,7,0,587,18,19
939,phishing,0,0,3,0,0,3,1
940,phishing,0,0,-1,-1,-1,-1,2
941,phishing,3,0,23,1,2,25,715
942,phishing,1,0,2,0,4,12,6
947,phishing,0,0,4,0,1,7,22
948,benign,1,0,15,0,19,10,715
951,phishing,0,0,-1,-1,-1,-1,715
952,phishing,0,0,-1,-1,-1,-1,715
954,phishing,1,0,1,0,0,3,37
959,benign,1,0,19,0,11,21,715
960,phishing,0,0,9,0,0,10,715
962,benign,1,0,17,0,0,7,715
963,phishing,0,0,-1,-1,-1,-1,715
965,phishing,2,0,6,0,3,11,715
967,phishing,0,0,-1,-1,-1,-1,715
968,benign,1,0,-1,-1,-1,-1,715
969,benign,0,0,16,0,3,18,26
970,phishing,1,0,9,0,0,10,715
971,benign,1,0,48,0,39,26,715
972,benign,1,0,-1,-1,-1,-1,715
973,phishing,0,0,1,0,0,12,7
974,benign,1,0,37,0,52,25,715
976,phishing,0,0,0,0,0,5,715
977,benign,1,0,37,0,0,13,715
982,phishing,0,0,-1,-1,-1,-1,715
983,benign,1,0,15,0,37,17,715
984,benign,1,0,8,0,0,9,37
985,phishing,1,0,28,0,4,19,14
986,benign,0,0,8,1,1,16,1
987,benign,2,0,30,0,14,14,715
988,phishing,0,0,-1,-1,-1,-1,715
989,phishing,1,0,29,0,3,20,4
990,phishing,0,0,-1,-1,-1,-1,3
993,phishing,0,0,4,0,22,20,2
996,benign,1,0,25,0,27,28,715
999,phishing,0,0,1,0,0,5,715
1000,benign,2,0,3,0,0,3,715
1004,phishing,0,0,-1,-1,-1,-1,715
1008,benign,0,0,-1,-1,-1,-1,1
1009,phishing,2,0,12,0,2,15,715
1010,benign,1,0,85,0,1,30,715
1013,benign,1,0,25,0,304,15,26
1014,benign,0,0,-1,-1,-1,-1,715
1016,benign,1,0,-1,-1,-1,-1,715
1017,phishing,0,0,2,0,0,7,1
1018,phishing,0,0,-1,-1,-1,-1,4
1020,benign,1,0,108,0,37,24,715
1021,benign,0,0,6,0,0,14,26
1022,phishing,0,0,-1,-1,-1,-1,715
1023,phishing,0,0,8,0,14,12,715
1025,benign,1,0,3,0,0,13,6
1028,benign,0,0,-1,-1,-1,-1,715
1029,benign,1,0,0,0,2,6,3
1030,benign,1,0,-1,-1,-1,-1,715
1031,benign,0,0,4,0,0,6,715
1032,phishing,0,0,8,0,19,16,55
1033,phishing,0,0,-1,-1,-1,-1,715
1037,phishing,0,0,33,0,3,36,12
1039,benign,0,0,2,0,0,4,715
1040,phishing,0,0,-1,-1,-1,-1,3
1041,benign,1,0,11,0,10,21,715
1043,phishing,1,0,-1,-1,-1,-1,1
1044,benign,0,0,-1,-1,-1,-1,715
1045,benign,1,0,-1,-1,-1,-1,715
1047,benign,1,0,44,0,8,31,26
1048,phishing,1,0,66,0,6,20,715
1049,phishing,0,0,20,0,1,8,37
1050,benign,0,0,2,0,0,3,26
1051,phishing,1,0,-1,-1,-1,-1,3
1055,benign,1,0,28,0,56,27,715
1057,benign,1,0,38,0,11,23,715
1058,benign,0,0,-1,-1,-1,-1,37
1059,phishing,0,0,-1,-1,-1,-1,715
1060,benign,1,0,18,0,31,16,715
1064,phishing,1,0,4,0,0,3,715
1065,phishing,0,0,-1,-1,-1,-1,715
1066,phishing,0,0,-1,-1,-1,-1,715
1067,benign,1,0,18,0,15,14,715
1071,phishing,0,0,-1,-1,-1,-1,17
1072,phishing,1,0,4,0,0,3,715
1074,phishing,2,0,3,0,0,4,715
1077,benign,1,0,76,0,63,30,19
1079,phishing,0,0,2,0,0,10,55
1082,benign,1,0,19,0,12,17,37
1083,benign,1,0,-1,-1,-1,-1,715
1084,benign,2,0,18,0,34,17,6
1086,benign,0,0,-1,-1,-1,-1,9
1088,benign,0,0,37,0,11,19,715
1089,phishing,0,0,5,0,0,10,6
1090,benign,1,0,6,0,3,11,715
1091,benign,0,0,3,0,12,13,55
1092,phishing,0,0,3,0,0,32,2
1095,phishing,0,0,3,0,0,4,715
1096,benign,1,0,147,0,26,22,715
1097,benign,1,0,5,0,0,25,715
1098,phishing,0,0,0,0,0,1,715
1099,phishing,1,0,10,1,3,16,37
1100,benign,0,0,5,0,0,4,5
1103,phishing,0,0,-1,-1,-1,-1,1
1104,phishing,0,0,3,0,3,13,7
1105,phishing,0,0,-1,-1,-1,-1,30
1107,benign,1,0,-1,-1,-1,-1,715
1108,benign,0,0,-1,-1,-1,-1,37
1109,phishing,0,0,-1,-1,-1,-1,2
1112,benign,1,0,163,0,93,17,2
1116,benign,1,0,50,0,17,16,715
1117,phishing,0,0,-1,-1,-1,-1,715
1120,benign,0,0,-1,-1,-1,-1,37
1122,benign,0,0,5,0,0,7,715
1124,phishing,1,0,7,0,31,19,715
1125,benign,1,0,30,0,33,30,715
1128,benign,1,0,13,0,6,39,715
1129,benign,1,0,41,0,164,24,1
1132,benign,1,0,3,0,0,13,12
1133,benign,1,0,11,0,39,29,715
1135,phishing,2,0,6,0,3,11,715
1138,benign,1,0,21,0,0,22,715
1139,benign,1,0,-1,-1,-1,-1,55
1140,benign,1,0,25,0,33,25,715
1141,benign,1,0,3,0,0,13,5
1143,phishing,2,0,6,0,3,11,715
1144,benign,0,0,-1,-1,-1,-1,715
1145,phishing,0,0,26,0,2,14,3
1146,benign,2,0,31,0,155,20,1
1147,benign,1,0,32,0,17,18,715
1148,benign,1,0,58,0,10,30,11
1149,benign,1,0,9,0,31,18,715
1151,benign,0,0,66,0,36,28,715
1152,phishing,0,0,-1,-1,-1,-1,12
1153,benign,1,0,12,0,28,16,715
1155,benign,1,0,47,0,65,26,715
1156,phishing,1,0,-1,-1,-1,-1,715
1157,benign,2,0,16,0,14,24,715
1159,benign,0,0,-1,-1,-1,-1,715
1160,phishing,0,0,1,0,0,3,4
1161,phishing,0,0,33,0,20,34,715
1164,phishing,0,0,3,0,0,4,17
1165,phishing,0,0,4,0,3,8,1
1167,benign,1,0,9,0,3,17,30
1168,benign,0,0,19,0,9,16,715
1176,benign,1,1,22,0,15,22,715
1178,phishing,0,0,2,0,0,3,715
1179,benign,2,0,32,0,6,32,715
1182,phishing,0,0,-1,-1,-1,-1,1
1184,benign,1,0,5,0,27,18,55
1185,phishing,0,0,2,1,0,18,2
1186,phishing,1,0,7,0,0,14,55
1187,benign,0,0,5,0,3,7,3
1192,benign,2,0,60,0,0,4,715
1193,phishing,0,0,3,0,0,3,37
1194,benign,0,0,27,0,424,15,1
1197,benign,1,0,37,0,40,22,715
1199,phishing,0,0,45,0,3,31,715
1201,phishing,0,0,14,0,1,13,2
1203,phishing,1,0,14,0,1,11,715
1205,phishing,0,0,4,0,1,7,22
1206,benign,2,0,93,0,117,19,715
1210,benign,1,0,15,0,15,17,715
1211,benign,1,0,50,0,248,15,6
1213,benign,1,0,180,0,20,33,715
1215,phishing,1,0,10,0,7,18,715
1216,benign,0,0,-1,-1,-1,-1,715
1219,phishing,0,0,-1,-1,-1,-1,715
1220,phishing,0,0,0,0,0,0,55
1221,phishing,0,0,-1,-1,-1,-1,17
1222,phishing,1,0,-1,-1,-1,-1,3
1224,benign,2,0,0,0,3,9,715
1225,benign,1,0,29,0,19,22,14
1226,benign,3,0,18,0,27,24,715
1227,benign,1,0,-1,-1,-1,-1,19
1229,benign,0,0,90,0,22,25,715
1230,benign,1,0,11,0,1,13,715
1232,phishing,0,0,13,0,2,16,2
1233,benign,1,0,-1,-1,-1,-1,715
1234,phishing,0,0,3,0,9,13,6
1235,phishing,0,0,-1,-1,-1,-1,715
1237,benign,1,0,9,0,349,28,1
1238,benign,0,0,19,0,51,16,715
1239,benign,1,0,6,0,8,11,1
1240,phishing,0,0,58,1,3,19,715
1241,benign,1,0,29,0,51,15,715
1242,benign,1,0,4,0,25,24,715
1244,phishing,0,0,5,0,0,4,715
1245,benign,1,0,32,0,148,16,19
1247,phishing,0,0,6,0,8,11,715
1248,phishing,0,0,0,0,0,15,3
1249,phishing,1,0,-1,-1,-1,-1,715
1250,benign,1,0,6,0,4,11,55
1251,benign,1,0,21,0,165,25,14
1253,benign,2,0,-1,-1,-1,-1,715
1254,benign,1,0,-1,-1,-1,-1,715
1255,benign,0,0,0,0,0,0,715
1256,benign,0,1,1,0,13,5,2
1257,phishing,0,0,-1,-1,-1,-1,715
1258,benign,1,0,42,0,19,23,715
1259,phishing,2,0,6,0,3,11,715
1260,phishing,2,0,6,0,3,11,715
1262,phishing,0,0,-1,-1,-1,-1,715
1264,phishing,0,0,3,0,0,7,715
1265,phishing,1,0,1,1,0,12,37
1268,phishing,0,0,12,1,3,16,30
1270,benign,0,0,12,0,69,19,37
1271,phishing,0,0,28,0,0,22,4
1272,benign,0,0,35,0,12,24,715
1273,phishing,1,0,-1,-1,-1,-1,715
1274,benign,1,0,13,0,15,13,715
1275,phishing,2,0,6,0,3,11,715
1276,benign,1,0,-1,-1,-1,-1,715
1277,benign,1,0,11,0,8,28,715
1278,phishing,0,0,6,0,0,10,1
1279,benign,1,0,72,0,254,40,715
1281,benign,1,0,30,0,37,23,715
1282,phishing,1,0,-1,-1,-1,-1,1
1283,benign,0,0,23,0,24,14,715
1286,benign,1,0,34,0,26,19,715
1287,phishing,0,0,31,1,0,18,715
1290,phishing,2,0,65,0,0,38,715
1292,phishing,1,0,25,0,1,32,715
1293,phishing,0,0,64,0,1,39,2
1295,benign,1,0,-1,-1,-1,-1,715
1296,benign,1,0,48,0,71,17,715
1298,benign,0,0,4,0,58,10,1
1299,benign,1,0,10,0,19,18,11
1301,phishing,1,0,9,0,0,10,715
1303,benign,1,0,9,0,35,22,11
1304,phishing,1,0,4,1,0,13,37
1305,phishing,0,0,59,0,7,28,715
1307,phishing,0,0,57,0,1,30,37
1308,phishing,0,0,17,1,7,20,55
1310,benign,1,0,17,0,31,21,715
1311,benign,1,0,23,0,29,19,715
1312,phishing,0,0,0,0,4,8,715
1313,benign,0,0,10,0,1,4,37
1315,phishing,0,0,-1,-1,-1,-1,4
1316,phishing,1,0,1,0,0,1,37
1317,benign,1,0,25,0,94,18,11
1318,benign,0,0,-1,-1,-1,-1,715
1321,phishing,3,0,1,1,0,12,37
1322,phishing,0,0,0,0,0,12,2
1323,benign,1,0,13,0,28,18,37
1328,benign,0,0,-1,-1,-1,-1,715
1330,benign,1,0,6,0,25,14,715
1333,phishing,1,0,-1,-1,-1,-1,715
1335,phishing,0,0,2,0,0,3,715
1339,benign,0,0,-1,-1,-1,-1,715
1340,phishing,0,0,5,0,0,4,37
1343,phishing,2,0,6,0,3,11,715
1345,phishing,0,0,-1,-1,-1,-1,715
1347,benign,0,0,-1,-1,-1,-1,715
1349,phishing,0,0,2,0,0,8,715
1351,phishing,0,0,20,0,17,18,715
1352,phishing,0,0,0,0,2,5,715
1353,benign,2,0,4,0,2,6,715
1355,benign,1,0,-1,-1,-1,-1,715
1356,benign,2,0,28,0,20,21,715
1358,benign,1,0,16,0,8,39,715
1359,benign,0,0,44,0,38,24,5
1360,benign,2,0,2,0,38,10,55
1361,phishing,1,0,8,0,0,8,715
1362,benign,2,0,-1,-1,-1,-1,11
1365,phishing,0,0,1,0,0,3,1
1366,phishing,1,0,28,0,9,15,715
1367,phishing,0,0,78,0,5,28,3
1370,benign,2,0,9,0,7,13,715
1372,phishing,0,0,-1,-1,-1,-1,37
1373,benign,6,0,1,0,0,7,37
1374,phishing,0,0,0,0,0,0,1
1376,benign,1,0,27,0,84,26,715
1377,benign,1,0,9,0,0,3,19
1378,phishing,0,0,1,0,0,6,1
1379,benign,1,0,-1,-1,-1,-1,715
1380,phishing,0,0,-1,-1,-1,-1,17
1381,phishing,0,0,14,0,2,11,715
1382,benign,1,0,87,0,180,17,715
1384,benign,1,0,34,0,372,16,715
1385,benign,1,0,-1,-1,-1,-1,19
1387,benign,1,0,5,0,51,20,715
1388,benign,1,0,-1,-1,-1,-1,715
1389,benign,2,0,26,0,27,24,715
1390,phishing,0,0,-1,-1,-1,-1,17
1392,benign,1,0,6,0,80,32,1
1393,benign,0,0,17,0,0,4,1
1395,benign,1,0,17,0,28,27,715
1396,phishing,1,0,0,0,1,7,17
1397,benign,1,0,-1,-1,-1,-1,55
1401,benign,1,0,11,0,0,3,715
1402,benign,2,0,17,0,37,27,715
1403,phishing,0,0,3,0,1,6,715
1404,benign,1,0,25,0,474,18,1
1405,benign,0,0,-1,-1,-1,-1,715
1408,benign,1,0,9,0,21,17,55
1409,benign,0,0,21,0,7,10,715
1410,phishing,0,0,3,1,2,24,715
1411,phishing,1,0,3,0,0,10,2
1412,benign,1,0,18,0,130,24,1
1413,benign,1,0,53,0,36,23,30
1416,phishing,0,0,3,0,0,3,715
1418,benign,0,0,-1,-1,-1,-1,715
1422,benign,5,0,14,0,40,19,715
1423,benign,0,1,-1,-1,-1,-1,1
1424,benign,2,0,6,0,111,21,715
1426,benign,0,0,2,0,2,13,37
1427,benign,0,0,1,0,0,7,26
1428,phishing,0,0,-1,-1,-1,-1,715
1430,benign,1,0,4,0,0,7,715
1431,phishing,0,0,-1,-1,-1,-1,22
1432,phishing,0,0,1,0,0,5,715
1433,benign,2,0,2,0,0,4,55
1435,benign,2,0,26,0,31,8,715
1436,phishing,0,0,-1,-1,-1,-1,715
1437,phishing,0,0,-1,-1,-1,-1,37
1439,phishing,0,0,-1,-1,-1,-1,715
1440,benign,1,0,-1,-1,-1,-1,715
1441,benign,1,0,24,0,14,23,715
1445,phishing,0,0,1,0,0,3,55
1446,benign,0,0,41,0,10,20,715
1447,benign,1,0,14,0,29,21,715
1448,benign,0,0,0,0,0,0,715
1449,benign,1,0,7,0,10,15,26
1450,benign,9,0,-1,-1,-1,-1,26
1453,phishing,0,0,-1,-1,-1,-1,3
1454,phishing,0,0,85,1,5,20,715
1458,phishing,1,0,25,0,307,23,3
1461,benign,0,0,-1,-1,-1,-1,55
1464,phishing,2,0,9,0,1,9,715
1469,benign,1,0,-1,-1,-1,-1,715
1472,benign,1,0,24,0,29,18,715
1473,phishing,1,0,33,0,20,34,715
1474,phishing,0,0,-1,-1,-1,-1,37
1477,benign,0,0,-1,-1,-1,-1,715
1480,phishing,0,0,-1,-1,-1,-1,715
1481,benign,1,0,19,0,49,18,1
1482,benign,1,0,19,0,62,31,715
1484,phishing,0,0,-1,-1,-1,-1,1
1490,benign,1,0,67,0,108,13,3
1491,phishing,0,0,0,0,0,3,715
1494,benign,0,0,100,0,109,23,715
1496,phishing,2,0,52,1,1,11,715
1499,benign,0,0,28,0,8,17,55
1500,benign,1,0,35,0,57,24,715
1501,benign,0,0,0,0,18,10,55
1502,benign,0,0,-1,-1,-1,-1,715
1503,benign,0,0,-1,-1,-1,-1,715
1504,benign,1,0,6,0,8,11,17
1505,phishing,0,0,-1,-1,-1,-1,5
1506,phishing,0,0,2,0,0,3,715
1507,benign,2,0,35,0,56,46,715
1508,benign,0,0,10,0,4,11,715
1509,benign,2,0,9,0,0,22,715
1511,phishing,1,0,64,0,1,39,2
1513,benign,0,0,23,0,13,19,715
1515,benign,2,0,55,0,45,16,715
1516,phishing,1,0,12,0,0,11,4
1518,benign,1,0,3,0,33,14,9
1522,phishing,0,0,1,0,0,3,4
1523,benign,1,0,-1,-1,-1,-1,715
1524,phishing,0,0,2,0,0,4,30
1525,phishing,2,0,6,0,3,11,715
1528,phishing,1,0,9,0,0,7,715
1529,phishing,0,0,-1,-1,-1,-1,2
1530,benign,1,0,-1,-1,-1,-1,1
1532,phishing,0,0,0,0,0,4,22
1533,benign,2,0,17,0,30,29,14
1535,phishing,0,0,2,0,0,3,715
1536,phishing,0,0,0,0,0,5,1
1538,benign,1,0,20,0,24,17,715
1539,benign,1,0,31,0,21,18,715
1542,benign,0,0,-1,-1,-1,-1,9
1545,benign,0,0,0,0,0,3,37
1547,benign,1,0,9,0,1,13,715
1549,benign,0,0,-1,-1,-1,-1,37
1551,benign,0,0,8,0,0,6,715
1557,phishing,0,0,-1,-1,-1,-1,7
1558,benign,0,0,-1,-1,-1,-1,715
1559,phishing,0,0,6,0,0,10,3
1563,benign,0,0,16,0,31,16,55
1568,benign,1,0,67,0,1,6,715
1569,benign,0,0,0,0,1,7,715
1570,phishing,1,0,3,0,0,3,715
1571,benign,1,0,-1,-1,-1,-1,715
1572,phishing,1,0,78,0,5,28,3
1573,benign,0,0,28,0,110,16,715
1574,benign,1,0,0,0,1,5,1
1575,phishing,0,0,-1,-1,-1,-1,22
1576,phishing,0,0,-1,-1,-1,-1,30
1577,phishing,0,0,1,0,0,4,1
1579,benign,1,0,16,0,0,15,715
1580,phishing,0,0,54,0,2,17,2
1582,phishing,0,0,-1,-1,-1,-1,715
1583,benign,1,0,18,0,11,12,715
1584,phishing,0,0,-1,-1,-1,-1,715
1586,benign,1,0,6,0,19,17,715
1587,benign,1,0,11,0,65,24,715
1589,benign,1,0,9,0,30,19,55
1592,phishing,1,0,9,0,0,10,5
1594,benign,0,0,39,0,54,25,715
1597,benign,1,0,0,0,6,12,3
1598,benign,1,0,12,0,39,23,19
1599,phishing,2,0,13,0,2,16,2
1600,phishing,0,0,0,0,2,4,4
1601,benign,1,0,76,1,28,21,715
1602,phishing,0,0,-1,-1,-1,-1,30
1605,benign,2,0,7,0,0,5,715
1606,phishing,2,0,6,0,3,11,715
1608,phishing,1,0,2,0,0,4,715
1609,phishing,0,0,1,0,0,5,715
1610,phishing,0,0,7,0,0,8,7
1611,phishing,0,0,3,0,0,8,715
1614,benign,0,0,-1,-1,-1,-1,37
1615,benign,5,0,2,0,0,13,715
1617,benign,1,0,6,0,3,11,715
1618,benign,1,0,49,0,27,20,715
1621,phishing,0,0,85,1,5,20,715
1623,benign,1,0,-1,-1,-1,-1,12
1624,benign,1,0,30,0,58,27,715
1626,phishing,0,0,-1,-1,-1,-1,715
1628,benign,1,0,33,0,30,23,715
1629,phishing,0,0,0,0,0,3,22
1630,phishing,0,0,29,0,3,20,4
1631,benign,0,0,20,0,9,18,715
1633,benign,1,0,-1,-1,-1,-1,715
1634,phishing,0,0,1,0,0,1,37
1636,phishing,1,0,1,0,0,8,715
1638,phishing,1,0,80,0,1,20,715
1642,benign,0,0,61,0,99,23,715
1643,phishing,0,0,28,0,2,22,715
1644,benign,2,0,20,0,17,25,1
1646,phishing,0,0,-1,-1,-1,-1,12
1647,benign,1,0,15,0,8,17,11
1648,phishing,9,0,2,0,0,3,1
1650,benign,0,0,-1,-1,-1,-1,9
1652,phishing,0,0,28,0,4,19,14
1653,phishing,0,0,-1,-1,-1,-1,1
1654,benign,1,0,50,0,17,16,715
1655,phishing,0,0,34,0,0,15,715
1656,phishing,0,0,3,0,0,6,715
1657,phishing,1,0,9,0,0,10,5
1658,benign,1,0,159,0,1,18,715
1659,phishing,0,0,13,0,1,27,715
1660,phishing,0,0,1,0,0,6,715
1662,benign,2,0,19,0,37,19,715
1668,phishing,1,0,6,0,3,18,715
1669,benign,0,0,7,0,3,17,2
1670,phishing,1,0,1,0,0,5,30
1671,phishing,0,0,4,0,0,10,715
1673,benign,1,0,-1,-1,-1,-1,715
1674,phishing,0,0,-1,-1,-1,-1,715
1677,benign,1,0,-1,-1,-1,-1,715
1680,phishing,0,0,2,0,4,12,6
1682,phishing,2,0,59,0,7,28,715
1683,benign,1,0,28,0,33,13,37
1684,phishing,0,0,0,0,2,4,6
1686,benign,1,0,30,0,37,23,715
1687,benign,1,0,62,0,69,23,715
1689,benign,0,0,-1,-1,-1,-1,715
1690,phishing,0,0,-1,-1,-1,-1,3
1693,benign,2,0,7,0,12,12,19
1694,benign,1,0,24,0,7,26,715
1695,benign,1,0,38,0,40,32,715
1696,phishing,0,0,-1,-1,-1,-1,30
1697,phishing,0,0,38,0,0,5,1
1698,benign,2,0,7,0,0,5,715
1702,phishing,0,1,1,0,0,3,2
1703,phishing,0,0,-1,-1,-1,-1,3
1704,benign,0,0,66,0,13,14,715
1705,phishing,0,0,1,0,0,3,4
1706,phishing,0,0,2,0,0,3,2
1707,benign,0,0,9,0,6,27,1
1710,benign,1,0,1,0,0,6,715
1711,phishing,0,0,20,0,0,7,3
1713,phishing,0,0,-1,-1,-1,-1,22
1715,phishing,0,0,9,0,0,7,715
1718,benign,1,0,23,0,91,13,9
1720,phishing,1,0,6,0,3,11,715
1721,benign,0,0,-1,-1,-1,-1,715
1722,benign,1,0,3,0,0,13,14
1724,benign,1,0,-1,-1,-1,-1,715
1725,benign,0,0,50,0,0,7,1
1726,benign,3,0,33,0,45,19,715
1727,phishing,0,0,0,0,3,9,55
1728,benign,1,0,6,0,14,12,715
1729,benign,1,0,45,0,36,18,2
1730,phishing,0,0,33,0,20,34,715
1731,benign,1,0,4,0,372,12,55
1733,benign,0,0,-1,-1,-1,-1,37
1734,benign,1,0,11,0,19,13,30
1735,phishing,0,0,6,0,0,10,5
1738,phishing,0,0,0,0,0,7,37
1739,phishing,0,0,0,0,0,3,715
1742,phishing,1,0,5,0,1,14,715
1745,phishing,1,0,8,0,1,14,2
1746,benign,2,0,16,1,2,9,715
1747,phishing,0,0,17,0,13,20,37
1749,benign,1,0,-1,-1,-1,-1,37
1750,benign,0,0,18,0,98,14,2
1751,benign,1,0,36,1,8,18,715
1752,benign,1,0,68,0,21,26,715
1754,benign,0,0,27,0,28,16,715
1755,phishing,0,0,6,0,0,10,5
1757,phishing,0,0,-1,-1,-1,-1,30
1759,phishing,0,0,0,1,0,5,715
1760,phishing,2,0,6,0,3,11,715
1761,phishing,0,0,-1,-1,-1,-1,17
1763,benign,1,0,6,0,3,11,1
1764,phishing,1,0,0,0,1,7,17
1766,phishing,0,0,-1,-1,-1,-1,715
1768,phishing,0,0,-1,-1,-1,-1,30
1769,phishing,0,0,-1,-1,-1,-1,715
1772,benign,1,0,21,0,288,22,1
1773,phishing,0,0,-1,-1,-1,-1,715
1776,phishing,9,0,-1,-1,-1,-1,715
1777,benign,1,0,6,0,2,9,715
1779,phishing,0,0,1,0,0,6,715
1781,benign,0,0,15,0,0,9,715
1785,benign,0,0,17,0,91,22,715
1786,benign,1,0,51,0,0,24,715
1787,benign,1,0,8,0,0,6,715
1788,phishing,1,0,2,1,0,18,2
1793,phishing,0,0,-1,-1,-1,-1,715
1795,phishing,0,0,4,0,14,16,715
1796,phishing,0,0,6,0,0,14,715
1797,phishing,0,0,-1,-1,-1,-1,3
1798,phishing,0,0,4,0,1,7,22
1799,phishing,0,0,9,0,0,10,715
1800,phishing,1,0,0,0,0,7,37
1803,benign,1,0,98,0,43,25,715
1804,benign,1,0,12,0,115,19,3
1805,phishing,0,0,1,0,0,5,715
1806,phishing,1,0,4,0,22,20,2
1807,benign,1,0,14,0,0,9,715
1810,phishing,0,0,67,0,0,43,715
1811,phishing,0,0,-1,-1,-1,-1,715
1814,benign,1,0,-1,-1,-1,-1,715
1816,benign,2,0,19,0,3,18,715
1817,phishing,0,0,1,0,0,5,4
1818,phishing,0,0,9,0,0,10,5
1819,benign,4,0,23,1,2,25,715
1824,benign,0,0,25,0,30,19,715
1825,phishing,0,0,1,0,0,5,715
1828,benign,1,0,30,0,12,25,715
1830,phishing,0,0,-1,-1,-1,-1,37
1834,phishing,1,0,1,0,0,7,2
1835,phishing,1,0,48,0,0,19,715
1836,benign,0,0,1,0,0,1,37
1837,benign,0,0,0,0,0,0,715
1838,benign,1,0,21,0,158,18,14
1839,benign,1,0,29,0,48,9,715
1841,benign,0,0,103,0,17,21,715
1842,phishing,1,0,1,0,0,3,37
1843,phishing,0,0,1,0,0,3,30
1846,benign,1,0,10,0,29,22,715
1847,phishing,0,0,65,0,0,38,715
1848,benign,1,0,27,0,2,14,26
1850,benign,0,0,-1,-1,-1,-1,715
1851,phishing,2,0,6,0,3,11,715
1852,benign,1,0,2,0,0,4,55
1854,benign,1,0,23,0,10,18,715
1856,phishing,0,0,28,0,9,15,715
1859,benign,0,0,-1,-1,-1,-1,715
1861,phishing,0,0,-1,-1,-1,-1,715
1862,benign,1,0,58,0,33,25,715
1863,benign,0,0,-1,-1,-1,-1,715
1864,phishing,0,0,-1,-1,-1,-1,715
1865,benign,1,0,4,0,0,11,55
1866,benign,1,0,6,0,8,11,6
1869,phishing,0,0,-1,-1,-1,-1,715
1870,benign,0,0,69,0,14,16,715
1871,phishing,1,0,3,0,0,8,4
1874,benign,1,0,36,0,41,20,715
1877,benign,0,0,3,0,0,4,26
1879,phishing,0,0,3,1,2,22,715
1881,phishing,1,0,10,0,7,18,715
1883,benign,0,0,14,0,56,13,715
1886,benign,2,0,12,0,29,31,715
1887,phishing,1,0,-1,-1,-1,-1,715
1889,benign,1,0,26,0,26,20,715
1890,phishing,0,0,0,0,0,3,5
1891,benign,0,0,30,0,4,15,715
1895,benign,1,0,1,0,0,3,715
1896,benign,0,0,3,0,0,4,55
1898,benign,1,0,21,0,195,14,19
1899,benign,1,0,1,0,0,3,715
1901,benign,0,0,16,0,38,15,26
1902,benign,1,0,0,0,0,0,715
1905,phishing,1,0,-1,-1,-1,-1,4
1906,benign,1,0,25,0,15,26,715
1907,phishing,0,0,-1,-1,-1,-1,715
1908,phishing,0,0,1,0,0,5,715
1909,phishing,0,0,-1,-1,-1,-1,715
1910,phishing,1,0,-1,-1,-1,-1,715
1912,benign,1,0,73,0,38,31,715
1914,benign,0,0,53,0,131,25,715
1916,benign,1,0,-1,-1,-1,-1,37
1917,benign,1,0,32,0,35,25,715
1918,benign,1,0,13,0,122,21,715
1919,benign,1,0,12,0,115,19,17
1920,phishing,0,0,-1,-1,-1,-1,2
1921,benign,1,0,86,0,11,30,715
1924,phishing,0,0,19,0,53,14,715
1927,phishing,0,0,-1,-1,-1,-1,22
1928,benign,0,0,-1,-1,-1,-1,715
1930,phishing,0,0,-1,-1,-1,-1,715
1934,phishing,1,0,3,0,21,19,17
1936,benign,2,0,10,0,28,23,715
1937,benign,1,0,9,0,0,3,715
1938,benign,0,0,33,0,14,22,715
1939,benign,1,0,0,0,0,0,715
1940,phishing,0,0,-1,-1,-1,-1,30
1943,phishing,0,0,2,0,0,12,715
1944,benign,0,0,0,0,2,4,715
1945,phishing,0,0,12,0,5,16,1
1948,phishing,0,0,2,0,0,12,715
1951,benign,1,0,3,0,0,13,2
1953,benign,1,0,29,0,19,22,12
1954,benign,1,0,18,0,32,14,37
1956,benign,1,0,21,0,41,20,19
1957,benign,1,0,4,0,3,14,55
1958,benign,1,0,-1,-1,-1,-1,17
1959,benign,1,0,20,0,20,22,715
1960,phishing,0,0,6,0,1,24,715
1961,phishing,0,0,67,0,45,15,715
1964,benign,0,0,-1,-1,-1,-1,715
1965,phishing,0,0,-1,-1,-1,-1,715
1966,phishing,0,0,-1,-1,-1,-1,37
1969,phishing,0,0,-1,-1,-1,-1,2
1972,benign,0,0,28,0,22,26,26
1974,benign,1,0,-1,-1,-1,-1,715
1975,benign,1,0,27,0,9,12,715
1976,phishing,0,0,6,0,1,5,1
1978,benign,0,0,-1,-1,-1,-1,715
1979,phishing,0,0,32,0,2,24,715
1980,benign,0,0,23,0,22,18,715
1981,phishing,0,0,3,0,21,19,17
1982,benign,1,0,100,0,916,23,2
1984,benign,2,0,65,0,113,43,715
1986,phishing,1,0,-1,-1,-1,-1,4
1987,benign,1,0,60,0,4,16,14
1988,phishing,0,0,-1,-1,-1,-1,3
1993,benign,1,0,12,0,76,16,55
1994,phishing,0,0,-1,-1,-1,-1,1
1995,phishing,1,0,0,0,1,7,17
1997,benign,2,0,12,0,2,29,715
1998,phishing,0,0,-1,-1,-1,-1,6
1999,phishing,0,0,0,0,3,5,715
2000,benign,1,0,23,0,53,24,715
2002,benign,0,0,3,0,0,5,30
2004,phishing,0,0,4,0,280,41,6
2005,benign,1,0,3,0,0,13,2
2007,benign,1,0,34,0,0,21,715
2008,phishing,0,0,-1,-1,-1,-1,37
2009,benign,1,0,37,0,443,30,5
2010,benign,0,0,4,0,0,4,715
2012,phishing,0,0,-1,-1,-1,-1,715
2013,phishing,0,0,-1,-1,-1,-1,17
2016,phishing,0,0,-1,-1,-1,-1,37
2018,phishing,0,0,6,0,0,8,715
